5529537649067312519
15182425419512490738
5267151033494998680
1713905531010223596
6621310161550839887
6315199460512140471
8484707374139531715
15626713983043183590
8193714357846620965
12711683987804134314
11744811864090441027
9264726372851343189
12884327408994415603
1880653807294514945
11478035711058588143
12395145078592990052
12394829297663308122
2632957566695097008
14935597128031485391
3573068105289834648
15551637615630361769
12543638003684650640
14001917688808483253
9590131255840635589
12758789662157972460
13804418890185757862
10933110558045015393
6452421029545373573
6829116473154853622
387530444111361529
7435366084624514290
16507174548848369075
12113948994483268920
855852352816507924
5166656970407908568
9011614134376552535
9802517062637135263
12108694289427966519
18420706979807304212
16826522469873581002
9293931175705517935
8577734632659428903
3004569130915045313
16557706521113821581
5525482408481986015
9781722812233719438
6454174782649878884
3040844081774131242
14834127682463523818
16530797716831672220
3943749395091893036
12066046563511416738
9417332171182874370
8692877264017791792
7407387803892774954
1714158236926127056
4364381171375412459
13187173186951001963
13972906622703389972
11093830629731172068
15380305673967729561
14120033921084248219
3540201742215422063
5175544284216810915
2625009933961652228
12539643970291802831
3510272627857112460
3908689222290479116
5224632582428876199
5519039970938773015
3438097463435343188
8599129628870310680
7306912877146781752
2175954383638618752
15052863030613542508
4257720231677203581
14437948199290658670
14234312883427867433
2241520808730535927
8903379128523625558
1004300416527343764
12872846816386545684
2248132091893477439
631519462916818639
11042412041325450998
10995948479766807052
11158352790120350514
15762313897626723520
1079482073340848632
10635754868157410654
11354836844224124674
16320925827275611315
16755847844957096573
6607783900583437581
481490627411505908
11064304696706050942
6770025303941798626
10021680328352024865
13827386604890052171
5411648959175008733
2254448886592188006
3813997379437405853
11048485030423959904
13327096610102329040
5513671084844599234
1785942124114642908
14217123180073072024
7558084475193272680
4830354651269058499
6548065398405250211
285365726522436474
7235527311903092198
17734652717682056801
7636084370347072264
4347863786613745659
9924080783059760987
3019748193743664855
13989165847482533295
17588309903824390193
10390964143114274831
7750196307637874568
6635157238666778300
802968206052714812
14592346707067280720
16769513712004259484
10173035980093441933
9469880031134826307
10806773569537240864
13111578148226652927
17728434117251882202
6597291685351644771
9632456890345200037
3172771346572627566
11257730237215715575
3081063097394738831
2331901784738857682
12598146294954132069
15679966859499622270
8441195952819230750
15344688725110716843
15302989654994501079
6619746741249949824
15748026128153195189
10409479057865320391
6943862463520449610
11460572707771088740
9453299756553072842
16828704047998083626
9145343934286048111
5558723688013378561
4123640881713337906
18041714009166721514
15235291054664210684
8727873172599069384
9005725250214780922
18004293168828667691
5315218608372051728
12381321993108404170
11330575243920749222
10277929966655049798
15470369944156533477
15894771124651201031
12902824942880869833
17216683352108594414
14641717673075819559
7868107804040371422
12440738837555485597
15091465465996087558
5677479835147937545
13276646538329673821
15429000247329631896
278541094322267295
7015759627360837648
8576076755768506277
2150066866462242892
2909379293705954310
12996619328651484048
6639006016987815816
3185585078521316261
18212598595785317937
3105378726812257643
16607065123035852842
5939517992551013244
8041943274961832871
3482945822942556523
10500364474011819537
9820486050626893732
867481382628946304
4870890898210633550
1967310926477706948
10449151861148031711
7465220119479332511
8401333707099467572
2614905405478714156
15827247535354367270
13388094708348387739
13416255198468238517
17681013169830547581
6085431112641924535
4858091911610741129
16958925794233860687
16815797509979197196
3854028644906139802
793752804192728147
4477190440966831918
10101439765133107609
17885574075410340161
4396092675409091153
16105443519553706022
1736494294632859938
10991836307979162119
17470695814266525091
3110714049192004830
4223710000091168202
9792143729506255729
6970797392294161661
18007637315895898017
14481368738012832836
1961807671051832503
11079899537914613428
4225956443610573681
242533437155997140
2534133910049150672
96898350164053063
12954206041110573521
7951889229984967151
1841634430106100580
17128128706622810817
8903613887028981888
4210317084571337064
11090990636781738084
2379901702609036968
15393066700036466813
3778620706059813032
5169480379677966708
6225915245099105922
16278177034849735019
1963037462394617527
11619452299751754435
5315548558838637654
9537192976798892749
1464034870139169661
17446328500033382925
6529761753512589032
8441183207842020470
3466667711951859834
4858507289527328745
2201788391453044312
4115226434920151369
3115219128716042449
6718783004051488086
6498285543091718669
4718762004549876910
13656169864925305063
18042981919909404339
8811625803005354839
15529287934421824977
17161623843721206874
7841868110420522102
5540897371661064153
3526241996055942808
11311255143995706975
9743673962007803338
9348112709428132583
6667167901776823423
33139308513165897
13133564782245955474
8138251872861899274
3198870743041446882
301306716367302963
16000515055428886167
1226228319139143292
3383772110279565442
11478819432558400503
16105846030467758141
10791032398781456638
9714519817120281601
13288722515778973465
5039071064034390590
4210695468747683361
6258015273162690601
2168067428910923343
17717741273599739155
18008581968993022388
15977432760584496979
15958264277819855545
11394694489712023661
7594798271054454976
15792819072297296417
2574443952533644411
4903842217302339670
5170743814365710950
8186887623036060488
16989288432376855477
17049889699804831179
6347729560101931837
17383315442129284649
10195510619354900692
18198192651809520602
494950469393150823
